24 24
Walls:
111111111111111111111111
100000000000000000000001
100000000000000000000001
100000000000000000000001
100000000000000000000001
100000000000000000000001
100000000000000000000001
100000000000000000000001
100000000000000000000001
100000000000000000000001
100000000000000000000001
100000000000000000000001
100000000000000000000001
100000000000000000000001
100000000000000000000001
100000000000000000000001
100000000000000000000001
100000000000000000000001
100000000000000000000001
100000000000000000000001
100000000000000000000001
100000000000000000000001
100000000000000000000001
111111111111111111111111

Objects:

Floor:
FloorCheckered:
0
tex1Multiplier:
0
tex2Multiplier:
0

Ceiling:
FloorCheckered:
0
tex1Multiplier:
0
tex2Multiplier:
0

